3.745401188473624909e-01 0.000000000000000000e+00 6.254598811526375091e-01
9.507143064099161656e-01 0.000000000000000000e+00 4.928569359008383444e-02
7.319939418114050911e-01 0.000000000000000000e+00 2.680060581885949089e-01
5.986584841970366000e-01 0.000000000000000000e+00 4.013415158029634000e-01
1.560186404424365181e-01 0.000000000000000000e+00 8.439813595575634819e-01
1.559945203362026467e-01 0.000000000000000000e+00 8.440054796637973533e-01
5.808361216819946105e-02 0.000000000000000000e+00 9.419163878318005390e-01
8.661761457749351800e-01 0.000000000000000000e+00 1.338238542250648200e-01
6.011150117432088047e-01 0.000000000000000000e+00 3.988849882567911953e-01
7.080725777960454881e-01 0.000000000000000000e+00 2.919274222039545119e-01
2.058449429580244683e-02 0.000000000000000000e+00 9.794155057041975532e-01
9.699098521619943236e-01 0.000000000000000000e+00 3.009014783800567638e-02
8.324426408004217404e-01 0.000000000000000000e+00 1.675573591995782596e-01
2.123391106782761550e-01 0.000000000000000000e+00 7.876608893217238450e-01
1.818249672071006184e-01 0.000000000000000000e+00 8.181750327928993816e-01
1.834045098534338170e-01 0.000000000000000000e+00 8.165954901465661830e-01
3.042422429595377231e-01 0.000000000000000000e+00 6.957577570404622769e-01
5.247564316322378408e-01 0.000000000000000000e+00 4.752435683677621592e-01
4.319450186421157634e-01 0.000000000000000000e+00 5.680549813578842366e-01
2.912291401980419137e-01 0.000000000000000000e+00 7.087708598019580863e-01
6.118528947223794701e-01 0.000000000000000000e+00 3.881471052776205299e-01
1.394938606520418345e-01 0.000000000000000000e+00 8.605061393479581655e-01
2.921446485352181544e-01 0.000000000000000000e+00 7.078553514647818456e-01
3.663618432936917024e-01 0.000000000000000000e+00 6.336381567063082976e-01
4.560699842170359286e-01 0.000000000000000000e+00 5.439300157829640714e-01
7.851759613930135995e-01 0.000000000000000000e+00 2.148240386069864005e-01
1.996737821583597361e-01 0.000000000000000000e+00 8.003262178416402639e-01
5.142344384136116053e-01 0.000000000000000000e+00 4.857655615863883947e-01
5.924145688620424677e-01 0.000000000000000000e+00 4.075854311379575323e-01
4.645041271999772459e-02 0.000000000000000000e+00 9.535495872800022754e-01
6.075448519014383653e-01 0.000000000000000000e+00 3.924551480985616347e-01
1.705241236872915289e-01 0.000000000000000000e+00 8.294758763127084711e-01
6.505159298527951606e-02 0.000000000000000000e+00 9.349484070147204839e-01
9.488855372533332444e-01 0.000000000000000000e+00 5.111446274666675560e-02
9.656320330745593594e-01 0.000000000000000000e+00 3.436796692544064058e-02
8.083973481164611341e-01 0.000000000000000000e+00 1.916026518835388659e-01
3.046137691733706854e-01 0.000000000000000000e+00 6.953862308266293146e-01
9.767211400638386998e-02 0.000000000000000000e+00 9.023278859936161300e-01
6.842330265121568944e-01 0.000000000000000000e+00 3.157669734878431056e-01
4.401524937396013026e-01 0.000000000000000000e+00 5.598475062603986974e-01
1.220382348447788257e-01 0.000000000000000000e+00 8.779617651552211743e-01
4.951769101112701854e-01 0.000000000000000000e+00 5.048230898887298146e-01
3.438852111521839561e-02 0.000000000000000000e+00 9.656114788847816044e-01
9.093204020787820641e-01 0.000000000000000000e+00 9.067959792121793594e-02
2.587799816000169173e-01 0.000000000000000000e+00 7.412200183999830827e-01
6.625222843539819717e-01 0.000000000000000000e+00 3.374777156460180283e-01
3.117110760894109545e-01 0.000000000000000000e+00 6.882889239105890455e-01
5.200680211778108131e-01 0.000000000000000000e+00 4.799319788221891869e-01
5.467102793432796481e-01 0.000000000000000000e+00 4.532897206567203519e-01
1.848544555255270394e-01 0.000000000000000000e+00 8.151455444744729606e-01
9.695846277645585598e-01 0.000000000000000000e+00 3.041537223544144020e-02
7.751328233611145535e-01 0.000000000000000000e+00 2.248671766388854465e-01
9.394989415641891162e-01 0.000000000000000000e+00 6.050105843581088383e-02
8.948273504276488266e-01 0.000000000000000000e+00 1.051726495723511734e-01
5.978999788110851421e-01 0.000000000000000000e+00 4.021000211889148579e-01
9.218742350231168281e-01 0.000000000000000000e+00 7.812576497688317190e-02
8.849250205191949714e-02 0.000000000000000000e+00 9.115074979480805029e-01
1.959828624191451985e-01 0.000000000000000000e+00 8.040171375808548015e-01
4.522728891053806599e-02 0.000000000000000000e+00 9.547727110894619340e-01
3.253303307632643415e-01 0.000000000000000000e+00 6.746696692367356585e-01
3.886772896894820084e-01 0.000000000000000000e+00 6.113227103105179916e-01
2.713490317738959101e-01 0.000000000000000000e+00 7.286509682261040899e-01
8.287375091519293413e-01 0.000000000000000000e+00 1.712624908480706587e-01
3.567533266935892788e-01 0.000000000000000000e+00 6.432466733064107212e-01
2.809345096873807623e-01 0.000000000000000000e+00 7.190654903126192377e-01
5.426960831582484657e-01 0.000000000000000000e+00 4.573039168417515343e-01
1.409242249747626463e-01 0.000000000000000000e+00 8.590757750252373537e-01
8.021969807540396680e-01 0.000000000000000000e+00 1.978030192459603320e-01
7.455064367977082274e-02 0.000000000000000000e+00 9.254493563202291773e-01
9.868869366005172949e-01 0.000000000000000000e+00 1.311306339948270505e-02
7.722447692966574184e-01 0.000000000000000000e+00 2.277552307033425816e-01
1.987156815341724059e-01 0.000000000000000000e+00 8.012843184658275941e-01
5.522117123602399147e-03 0.000000000000000000e+00 9.944778828763976009e-01
8.154614284548341585e-01 0.000000000000000000e+00 1.845385715451658415e-01
7.068573438476171145e-01 0.000000000000000000e+00 2.931426561523828855e-01
7.290071680409873078e-01 0.000000000000000000e+00 2.709928319590126922e-01
7.712703466859457402e-01 0.000000000000000000e+00 2.287296533140542598e-01
7.404465173409036094e-02 0.000000000000000000e+00 9.259553482659096391e-01
3.584657285442726105e-01 0.000000000000000000e+00 6.415342714557273895e-01
1.158690595251297140e-01 0.000000000000000000e+00 8.841309404748702860e-01
8.631034258755935218e-01 0.000000000000000000e+00 1.368965741244064782e-01
6.232981268275579190e-01 0.000000000000000000e+00 3.767018731724420810e-01
3.308980248526491863e-01 0.000000000000000000e+00 6.691019751473508137e-01
6.355835028602363490e-02 0.000000000000000000e+00 9.364416497139763651e-01
3.109823217156622022e-01 0.000000000000000000e+00 6.890176782843377978e-01
3.251833220267470459e-01 0.000000000000000000e+00 6.748166779732529541e-01
7.296061783380640708e-01 0.000000000000000000e+00 2.703938216619359292e-01
6.375574713552131234e-01 0.000000000000000000e+00 3.624425286447868766e-01
8.872127425763265407e-01 0.000000000000000000e+00 1.127872574236734593e-01
4.722149251619492949e-01 0.000000000000000000e+00 5.277850748380507051e-01
1.195942459383017020e-01 0.000000000000000000e+00 8.804057540616982980e-01
7.132447872229950026e-01 0.000000000000000000e+00 2.867552127770049974e-01
7.607850486168974413e-01 0.000000000000000000e+00 2.392149513831025587e-01
5.612771975694962334e-01 0.000000000000000000e+00 4.387228024305037666e-01
7.709671799545609883e-01 0.000000000000000000e+00 2.290328200454390117e-01
4.937955963643907431e-01 0.000000000000000000e+00 5.062044036356092569e-01
5.227328293819940574e-01 0.000000000000000000e+00 4.772671706180059426e-01
4.275410183585496293e-01 0.000000000000000000e+00 5.724589816414503707e-01
2.541912674409518846e-02 0.000000000000000000e+00 9.745808732559048115e-01
1.078914269933044512e-01 0.000000000000000000e+00 8.921085730066955488e-01
3.142918568673425117e-02 0.000000000000000000e+00 9.685708143132657488e-01
6.364104112637803956e-01 0.000000000000000000e+00 3.635895887362196044e-01
3.143559810763266738e-01 0.000000000000000000e+00 6.856440189236733262e-01
5.085706911647027706e-01 0.000000000000000000e+00 4.914293088352972294e-01
9.075664739260930203e-01 0.000000000000000000e+00 9.243352607390697973e-02
2.492922291488749442e-01 0.000000000000000000e+00 7.507077708511250558e-01
4.103829230356297320e-01 0.000000000000000000e+00 5.896170769643702680e-01
7.555511385430486726e-01 0.000000000000000000e+00 2.444488614569513274e-01
2.287981654916224628e-01 0.000000000000000000e+00 7.712018345083775372e-01
7.697990982879299171e-02 0.000000000000000000e+00 9.230200901712070083e-01
2.897514529137680261e-01 0.000000000000000000e+00 7.102485470862319739e-01
1.612212872540044195e-01 0.000000000000000000e+00 8.387787127459955805e-01
9.296976523425730665e-01 0.000000000000000000e+00 7.030234765742693348e-02
8.081203795644169574e-01 0.000000000000000000e+00 1.918796204355830426e-01
6.334037565104234657e-01 0.000000000000000000e+00 3.665962434895765343e-01
8.714605901877177097e-01 0.000000000000000000e+00 1.285394098122822903e-01
8.036720768991144626e-01 0.000000000000000000e+00 1.963279231008855374e-01
1.865700588860358389e-01 0.000000000000000000e+00 8.134299411139641611e-01
8.925589984899777729e-01 0.000000000000000000e+00 1.074410015100222271e-01
5.393422419156507219e-01 0.000000000000000000e+00 4.606577580843492781e-01
8.074401551640625341e-01 0.000000000000000000e+00 1.925598448359374659e-01
8.960912999234932341e-01 0.000000000000000000e+00 1.039087000765067659e-01
3.180034749718638754e-01 0.000000000000000000e+00 6.819965250281361246e-01
1.100519245276767588e-01 0.000000000000000000e+00 8.899480754723232412e-01
2.279351625419416827e-01 0.000000000000000000e+00 7.720648374580583173e-01
4.271077886262563128e-01 0.000000000000000000e+00 5.728922113737436872e-01
8.180147659224931145e-01 0.000000000000000000e+00 1.819852340775068855e-01
8.607305832563434400e-01 0.000000000000000000e+00 1.392694167436565600e-01
6.952130531190703344e-03 0.000000000000000000e+00 9.930478694688092967e-01
5.107473025775657316e-01 0.000000000000000000e+00 4.892526974224342684e-01
4.174110031487789918e-01 0.000000000000000000e+00 5.825889968512210082e-01
2.221078104707302492e-01 0.000000000000000000e+00 7.778921895292697508e-01
1.198653673336828041e-01 0.000000000000000000e+00 8.801346326663171959e-01
3.376151714036279561e-01 0.000000000000000000e+00 6.623848285963720439e-01
9.429097039125191593e-01 0.000000000000000000e+00 5.709029608748084073e-02
3.232029320207552292e-01 0.000000000000000000e+00 6.767970679792447708e-01
5.187906217433660983e-01 0.000000000000000000e+00 4.812093782566339017e-01
7.030189588951778479e-01 0.000000000000000000e+00 2.969810411048221521e-01
3.636296023792939813e-01 0.000000000000000000e+00 6.363703976207060187e-01
9.717820827209606716e-01 0.000000000000000000e+00 2.821791727903932845e-02
9.624472949421112311e-01 0.000000000000000000e+00 3.755270505788876889e-02
2.517822958253641552e-01 0.000000000000000000e+00 7.482177041746358448e-01
4.972485058923854506e-01 0.000000000000000000e+00 5.027514941076145494e-01
3.008783098167696624e-01 0.000000000000000000e+00 6.991216901832303376e-01
2.848404943774676124e-01 0.000000000000000000e+00 7.151595056225323876e-01
3.688694735453279527e-02 0.000000000000000000e+00 9.631130526454672047e-01
6.095643339798968441e-01 0.000000000000000000e+00 3.904356660201031559e-01
5.026790232288614879e-01 0.000000000000000000e+00 4.973209767711385121e-01
5.147875124998935181e-02 0.000000000000000000e+00 9.485212487500106482e-01
2.786464642366114353e-01 0.000000000000000000e+00 7.213535357633885647e-01
9.082658859666536966e-01 0.000000000000000000e+00 9.173411403334630343e-02
2.395618906669724213e-01 0.000000000000000000e+00 7.604381093330275787e-01
1.448948720912230925e-01 0.000000000000000000e+00 8.551051279087769075e-01
4.894527602775630148e-01 0.000000000000000000e+00 5.105472397224369852e-01
9.856504541106007045e-01 0.000000000000000000e+00 1.434954588939929554e-02
2.420552715115004139e-01 0.000000000000000000e+00 7.579447284884995861e-01
6.721355474058785529e-01 0.000000000000000000e+00 3.278644525941214471e-01
7.616196153287175807e-01 0.000000000000000000e+00 2.383803846712824193e-01
2.376375439923996691e-01 0.000000000000000000e+00 7.623624560076003309e-01
7.282163486118595763e-01 0.000000000000000000e+00 2.717836513881404237e-01
3.677831327192532251e-01 0.000000000000000000e+00 6.322168672807467749e-01
6.323058305935794765e-01 0.000000000000000000e+00 3.676941694064205235e-01
6.335297107608947043e-01 0.000000000000000000e+00 3.664702892391052957e-01
5.357746840747584782e-01 0.000000000000000000e+00 4.642253159252415218e-01
9.028977005440830261e-02 0.000000000000000000e+00 9.097102299455916974e-01
8.353024955892379699e-01 0.000000000000000000e+00 1.646975044107620301e-01
3.207800649717358343e-01 0.000000000000000000e+00 6.792199350282641657e-01
1.865185103998542315e-01 0.000000000000000000e+00 8.134814896001457685e-01
4.077514155476391622e-02 0.000000000000000000e+00 9.592248584452360838e-01
5.908929431882418148e-01 0.000000000000000000e+00 4.091070568117581852e-01
6.775643618422824144e-01 0.000000000000000000e+00 3.224356381577175856e-01
1.658782892785615193e-02 0.000000000000000000e+00 9.834121710721438481e-01
5.120930582992809788e-01 0.000000000000000000e+00 4.879069417007190212e-01
2.264957751979379541e-01 0.000000000000000000e+00 7.735042248020620459e-01
6.451727904094498589e-01 0.000000000000000000e+00 3.548272095905501411e-01
1.743664290049914412e-01 0.000000000000000000e+00 8.256335709950085588e-01
6.909377381024659481e-01 0.000000000000000000e+00 3.090622618975340519e-01
3.867353463005374081e-01 0.000000000000000000e+00 6.132646536994625919e-01
9.367299887367345201e-01 0.000000000000000000e+00 6.327001126326547986e-02
1.375209441459932513e-01 0.000000000000000000e+00 8.624790558540067487e-01
3.410663510502585094e-01 0.000000000000000000e+00 6.589336489497414906e-01
1.134735212405890703e-01 0.000000000000000000e+00 8.865264787594109297e-01
9.246936182785627789e-01 0.000000000000000000e+00 7.530638172143722109e-02
8.773393533809810130e-01 0.000000000000000000e+00 1.226606466190189870e-01
2.579416277151556081e-01 0.000000000000000000e+00 7.420583722848443919e-01
6.599840460341790394e-01 0.000000000000000000e+00 3.400159539658209606e-01
8.172222002012158315e-01 0.000000000000000000e+00 1.827777997987841685e-01
5.552008115994623294e-01 0.000000000000000000e+00 4.447991884005376706e-01
5.296505783560064851e-01 0.000000000000000000e+00 4.703494216439935149e-01
2.418522909004516830e-01 0.000000000000000000e+00 7.581477090995483170e-01
9.310276780589921142e-02 0.000000000000000000e+00 9.068972321941007886e-01
8.972157579533267535e-01 0.000000000000000000e+00 1.027842420466732465e-01
9.004180571633304542e-01 0.000000000000000000e+00 9.958194283666954583e-02
6.331014572732679424e-01 0.000000000000000000e+00 3.668985427267320576e-01
3.390297910487006794e-01 0.000000000000000000e+00 6.609702089512993206e-01
3.492095746126608891e-01 0.000000000000000000e+00 6.507904253873391109e-01
7.259556788702393737e-01 0.000000000000000000e+00 2.740443211297606263e-01
8.971102599525770938e-01 0.000000000000000000e+00 1.028897400474229062e-01
8.870864242651173015e-01 0.000000000000000000e+00 1.129135757348826985e-01
7.798755458576238642e-01 0.000000000000000000e+00 2.201244541423761358e-01
6.420316461542877606e-01 0.000000000000000000e+00 3.579683538457122394e-01
8.413996499504883264e-02 0.000000000000000000e+00 9.158600350049511674e-01
1.616287140946137679e-01 0.000000000000000000e+00 8.383712859053862321e-01
8.985541885270792450e-01 0.000000000000000000e+00 1.014458114729207550e-01
6.064290596595899308e-01 0.000000000000000000e+00 3.935709403404100692e-01
9.197051616629647874e-03 0.000000000000000000e+00 9.908029483833703521e-01
1.014715428660321050e-01 0.000000000000000000e+00 8.985284571339678950e-01
6.635017691080558055e-01 0.000000000000000000e+00 3.364982308919441945e-01
5.061583846218686844e-03 0.000000000000000000e+00 9.949384161537813132e-01
1.608080514174986542e-01 0.000000000000000000e+00 8.391919485825013458e-01
5.487337893665861221e-01 0.000000000000000000e+00 4.512662106334138779e-01
6.918951976926932534e-01 0.000000000000000000e+00 3.081048023073067466e-01
6.519612595026005319e-01 0.000000000000000000e+00 3.480387404973994681e-01
2.242693094605597848e-01 0.000000000000000000e+00 7.757306905394402152e-01
7.121792213475358624e-01 0.000000000000000000e+00 2.878207786524641376e-01
2.372490874968000707e-01 0.000000000000000000e+00 7.627509125031999293e-01
3.253996981592677251e-01 0.000000000000000000e+00 6.746003018407322749e-01
7.464914051180241428e-01 0.000000000000000000e+00 2.535085948819758572e-01
6.496328990472146625e-01 0.000000000000000000e+00 3.503671009527853375e-01
8.492234104941779327e-01 0.000000000000000000e+00 1.507765895058220673e-01
6.576128923003433657e-01 0.000000000000000000e+00 3.423871076996566343e-01
5.683086033354716182e-01 0.000000000000000000e+00 4.316913966645283818e-01
9.367476782809247560e-02 0.000000000000000000e+00 9.063252321719075244e-01
3.677158030594335214e-01 0.000000000000000000e+00 6.322841969405664786e-01
2.652023676817254483e-01 0.000000000000000000e+00 7.347976323182745517e-01
2.439896433790835761e-01 0.000000000000000000e+00 7.560103566209164239e-01
9.730105547524455778e-01 0.000000000000000000e+00 2.698944524755442220e-02
3.930977246667604064e-01 0.000000000000000000e+00 6.069022753332395936e-01
8.920465551771132873e-01 0.000000000000000000e+00 1.079534448228867127e-01
6.311386259972628920e-01 0.000000000000000000e+00 3.688613740027371080e-01
7.948113035416484173e-01 0.000000000000000000e+00 2.051886964583515827e-01
5.026370931051921120e-01 0.000000000000000000e+00 4.973629068948078880e-01
5.769038846263591092e-01 0.000000000000000000e+00 4.230961153736408908e-01
4.925176938188638998e-01 0.000000000000000000e+00 5.074823061811361002e-01
1.952429877980444983e-01 0.000000000000000000e+00 8.047570122019555017e-01
7.224521152615053232e-01 0.000000000000000000e+00 2.775478847384946768e-01
2.807723624408557939e-01 0.000000000000000000e+00 7.192276375591442061e-01
2.431596643145383929e-02 0.000000000000000000e+00 9.756840335685461607e-01
6.454722959071678146e-01 0.000000000000000000e+00 3.545277040928321854e-01
1.771106794070489432e-01 0.000000000000000000e+00 8.228893205929510568e-01
9.404585843529142952e-01 0.000000000000000000e+00 5.954141564708570478e-02
9.539285770025873745e-01 0.000000000000000000e+00 4.607142299741262548e-02
9.148643902204485201e-01 0.000000000000000000e+00 8.513560977955147990e-02
3.701587002554443950e-01 0.000000000000000000e+00 6.298412997445556050e-01
1.545661652886742843e-02 0.000000000000000000e+00 9.845433834711325716e-01
9.283185625877253822e-01 0.000000000000000000e+00 7.168143741227461785e-02
4.281841483173143281e-01 0.000000000000000000e+00 5.718158516826856719e-01
9.666548190436695664e-01 0.000000000000000000e+00 3.334518095633043355e-02
9.636199770892528438e-01 0.000000000000000000e+00 3.638002291074715622e-02
8.530094554673600671e-01 0.000000000000000000e+00 1.469905445326399329e-01
2.944488920695856882e-01 0.000000000000000000e+00 7.055511079304143118e-01
3.850977286019252599e-01 0.000000000000000000e+00 6.149022713980747401e-01
8.511366715168569019e-01 0.000000000000000000e+00 1.488633284831430981e-01
3.169220051562776641e-01 0.000000000000000000e+00 6.830779948437223359e-01
1.694927466860924881e-01 0.000000000000000000e+00 8.305072533139075119e-01
5.568012624583501546e-01 0.000000000000000000e+00 4.431987375416498454e-01
9.361547741607809670e-01 0.000000000000000000e+00 6.384522583921903305e-02
6.960297966749730003e-01 0.000000000000000000e+00 3.039702033250269997e-01
5.700611700893649658e-01 0.000000000000000000e+00 4.299388299106350342e-01
9.717649377076853501e-02 0.000000000000000000e+00 9.028235062292314650e-01
6.150072266991697401e-01 0.000000000000000000e+00 3.849927733008302599e-01
9.900538501042632777e-01 0.000000000000000000e+00 9.946149895736722257e-03
1.400840152365240288e-01 0.000000000000000000e+00 8.599159847634759712e-01
5.183296523637367370e-01 0.000000000000000000e+00 4.816703476362632630e-01
8.773730719279554391e-01 0.000000000000000000e+00 1.226269280720445609e-01
7.407686177542044392e-01 0.000000000000000000e+00 2.592313822457955608e-01
6.970157409952679739e-01 0.000000000000000000e+00 3.029842590047320261e-01
7.024840839871092646e-01 0.000000000000000000e+00 2.975159160128907354e-01
3.594911512197551673e-01 0.000000000000000000e+00 6.405088487802448327e-01
2.935918442644933624e-01 0.000000000000000000e+00 7.064081557355066376e-01
8.093611554785136164e-01 0.000000000000000000e+00 1.906388445214863836e-01
8.101133946791807539e-01 0.000000000000000000e+00 1.898866053208192461e-01
8.670723185801036959e-01 0.000000000000000000e+00 1.329276814198963041e-01
9.132405525564712967e-01 0.000000000000000000e+00 8.675944744352870330e-02
5.113423988609377968e-01 0.000000000000000000e+00 4.886576011390622032e-01
5.015162946871996041e-01 0.000000000000000000e+00 4.984837053128003959e-01
7.982951789667751541e-01 0.000000000000000000e+00 2.017048210332248459e-01
6.499639307777651531e-01 0.000000000000000000e+00 3.500360692222348469e-01
7.019668772577033478e-01 0.000000000000000000e+00 2.980331227422966522e-01
7.957926694361010522e-01 0.000000000000000000e+00 2.042073305638989478e-01
8.900053418175662978e-01 0.000000000000000000e+00 1.099946581824337022e-01
3.379951568515358051e-01 0.000000000000000000e+00 6.620048431484641949e-01
3.755829526399440121e-01 0.000000000000000000e+00 6.244170473600559879e-01
9.398193984086899988e-02 0.000000000000000000e+00 9.060180601591310001e-01
5.782801409961739747e-01 0.000000000000000000e+00 4.217198590038260253e-01
3.594227379674208578e-02 0.000000000000000000e+00 9.640577262032579142e-01
4.655980181324601563e-01 0.000000000000000000e+00 5.344019818675398437e-01
5.426446347075766230e-01 0.000000000000000000e+00 4.573553652924233770e-01
2.865412521282844072e-01 0.000000000000000000e+00 7.134587478717155928e-01
5.908332605690107542e-01 0.000000000000000000e+00 4.091667394309892458e-01
3.050024993904942860e-02 0.000000000000000000e+00 9.694997500609505714e-01
3.734818874921441711e-02 0.000000000000000000e+00 9.626518112507855829e-01
8.226005606596582531e-01 0.000000000000000000e+00 1.773994393403417469e-01
3.601906414112628907e-01 0.000000000000000000e+00 6.398093585887371093e-01
1.270605126518847827e-01 0.000000000000000000e+00 8.729394873481152173e-01
5.222432600548043702e-01 0.000000000000000000e+00 4.777567399451956298e-01
7.699935530986108390e-01 0.000000000000000000e+00 2.300064469013891610e-01
2.158210274968431763e-01 0.000000000000000000e+00 7.841789725031568237e-01
6.228904758190002555e-01 0.000000000000000000e+00 3.771095241809997445e-01
8.534746499376799633e-02 0.000000000000000000e+00 9.146525350062320037e-01
5.168172116860769716e-02 0.000000000000000000e+00 9.483182788313923028e-01
5.313546315681479948e-01 0.000000000000000000e+00 4.686453684318520052e-01
5.406351216101065171e-01 0.000000000000000000e+00 4.593648783898934829e-01
6.374299014982065525e-01 0.000000000000000000e+00 3.625700985017934475e-01
7.260913337226615472e-01 0.000000000000000000e+00 2.739086662773384528e-01
9.758520794625346051e-01 0.000000000000000000e+00 2.414792053746539491e-02
5.163003483011953110e-01 0.000000000000000000e+00 4.836996516988046890e-01
3.229564729412459645e-01 0.000000000000000000e+00 6.770435270587540355e-01
7.951861947687036691e-01 0.000000000000000000e+00 2.048138052312963309e-01
2.708322512620742195e-01 0.000000000000000000e+00 7.291677487379257805e-01
4.389714207056361062e-01 0.000000000000000000e+00 5.610285792943638938e-01
7.845638134226595728e-02 0.000000000000000000e+00 9.215436186577340427e-01
2.535074341545751064e-02 0.000000000000000000e+00 9.746492565845424894e-01
9.626484146779250572e-01 0.000000000000000000e+00 3.735158532207494275e-02
8.359801205122058265e-01 0.000000000000000000e+00 1.640198794877941735e-01
6.959742060936979779e-01 0.000000000000000000e+00 3.040257939063020221e-01
4.089529444142698811e-01 0.000000000000000000e+00 5.910470555857301189e-01
1.732943200708457754e-01 0.000000000000000000e+00 8.267056799291542246e-01
1.564370426710860462e-01 0.000000000000000000e+00 8.435629573289139538e-01
2.502428981645953288e-01 0.000000000000000000e+00 7.497571018354046712e-01
5.492266647061204710e-01 0.000000000000000000e+00 4.507733352938795290e-01
7.145959227000623359e-01 0.000000000000000000e+00 2.854040772999376641e-01
6.601973767177312657e-01 0.000000000000000000e+00 3.398026232822687343e-01
2.799338969459428395e-01 0.000000000000000000e+00 7.200661030540571605e-01
9.548652806631940937e-01 0.000000000000000000e+00 4.513471933680590631e-02
7.378969166957685122e-01 0.000000000000000000e+00 2.621030833042314878e-01
5.543540525114006856e-01 0.000000000000000000e+00 4.456459474885993144e-01
6.117207462343522417e-01 0.000000000000000000e+00 3.882792537656477583e-01
4.196000624277899105e-01 0.000000000000000000e+00 5.803999375722100895e-01
2.477309895011574614e-01 0.000000000000000000e+00 7.522690104988425386e-01
3.559726786512615870e-01 0.000000000000000000e+00 6.440273213487384130e-01
7.578461104643691160e-01 0.000000000000000000e+00 2.421538895356308840e-01
1.439348862975586840e-02 0.000000000000000000e+00 9.856065113702441316e-01
1.160726405069162359e-01 0.000000000000000000e+00 8.839273594930837641e-01
4.600264202175274875e-02 0.000000000000000000e+00 9.539973579782472513e-01
4.072880231897013648e-02 0.000000000000000000e+00 9.592711976810298635e-01
8.554605840110072190e-01 0.000000000000000000e+00 1.445394159889927810e-01
7.036578593800236758e-01 0.000000000000000000e+00 2.963421406199763242e-01
4.741738290873251938e-01 0.000000000000000000e+00 5.258261709126748062e-01
9.783416065100147829e-02 0.000000000000000000e+00 9.021658393489985217e-01
4.916158751168323571e-01 0.000000000000000000e+00 5.083841248831676429e-01
4.734717707805656817e-01 0.000000000000000000e+00 5.265282292194343183e-01
1.732018699100151826e-01 0.000000000000000000e+00 8.267981300899848174e-01
4.338516492379730360e-01 0.000000000000000000e+00 5.661483507620269640e-01
3.985047343973734391e-01 0.000000000000000000e+00 6.014952656026265609e-01
6.158500980522164658e-01 0.000000000000000000e+00 3.841499019477835342e-01
6.350936508676437997e-01 0.000000000000000000e+00 3.649063491323562003e-01
4.530400977204451785e-02 0.000000000000000000e+00 9.546959902279554822e-01
3.746126146264712187e-01 0.000000000000000000e+00 6.253873853735287813e-01
6.258599157142363811e-01 0.000000000000000000e+00 3.741400842857636189e-01
5.031362585800877030e-01 0.000000000000000000e+00 4.968637414199122970e-01
8.564898411883222762e-01 0.000000000000000000e+00 1.435101588116777238e-01
6.586936316189450080e-01 0.000000000000000000e+00 3.413063683810549920e-01
1.629344270814296891e-01 0.000000000000000000e+00 8.370655729185703109e-01
7.056874740042984318e-02 0.000000000000000000e+00 9.294312525995701568e-01
6.424192782063156137e-01 0.000000000000000000e+00 3.575807217936843863e-01
2.651131054162181311e-02 0.000000000000000000e+00 9.734886894583781869e-01
5.857755812734632972e-01 0.000000000000000000e+00 4.142244187265367028e-01
9.402302414249575913e-01 0.000000000000000000e+00 5.976975857504240874e-02
5.754741778758789561e-01 0.000000000000000000e+00 4.245258221241210439e-01
3.881699262065219092e-01 0.000000000000000000e+00 6.118300737934780908e-01
6.432882184423531768e-01 0.000000000000000000e+00 3.567117815576468232e-01
4.582528904915166290e-01 0.000000000000000000e+00 5.417471095084833710e-01
5.456167893159349358e-01 0.000000000000000000e+00 4.543832106840650642e-01
9.414648087765251638e-01 0.000000000000000000e+00 5.853519122347483616e-02
3.861026378007742510e-01 0.000000000000000000e+00 6.138973621992257490e-01
9.611905638239142124e-01 0.000000000000000000e+00 3.880943617608578755e-02
9.053506419560637397e-01 0.000000000000000000e+00 9.464935804393626029e-02
1.957911347892964393e-01 0.000000000000000000e+00 8.042088652107035607e-01
6.936130087516545473e-02 0.000000000000000000e+00 9.306386991248345453e-01
1.007780013774266514e-01 0.000000000000000000e+00 8.992219986225733486e-01
1.822182565154972789e-02 0.000000000000000000e+00 9.817781743484502721e-01
9.444296075592839568e-02 0.000000000000000000e+00 9.055570392440716043e-01
6.830067734163568494e-01 0.000000000000000000e+00 3.169932265836431506e-01
7.118864846022898707e-02 0.000000000000000000e+00 9.288113515397710129e-01
3.189756302937613031e-01 0.000000000000000000e+00 6.810243697062386969e-01
8.448753109694545627e-01 0.000000000000000000e+00 1.551246890305454373e-01
2.327193573582586605e-02 0.000000000000000000e+00 9.767280642641741339e-01
8.144684825889357827e-01 0.000000000000000000e+00 1.855315174110642173e-01
2.818547747733999298e-01 0.000000000000000000e+00 7.181452252266000702e-01
1.181648276216562543e-01 0.000000000000000000e+00 8.818351723783437457e-01
6.967371653641506457e-01 0.000000000000000000e+00 3.032628346358493543e-01
6.289428467798839906e-01 0.000000000000000000e+00 3.710571532201160094e-01
8.774720135270529520e-01 0.000000000000000000e+00 1.225279864729470480e-01
7.350710438038857708e-01 0.000000000000000000e+00 2.649289561961142292e-01
8.034809303848485795e-01 0.000000000000000000e+00 1.965190696151514205e-01
2.820345725713064855e-01 0.000000000000000000e+00 7.179654274286935145e-01
1.774395437797228192e-01 0.000000000000000000e+00 8.225604562202771808e-01
7.506147516408583353e-01 0.000000000000000000e+00 2.493852483591416647e-01
8.068347392672640117e-01 0.000000000000000000e+00 1.931652607327359883e-01
9.905051420006732998e-01 0.000000000000000000e+00 9.494857999326700160e-03
4.126176769114264786e-01 0.000000000000000000e+00 5.873823230885735214e-01
3.720180857927831708e-01 0.000000000000000000e+00 6.279819142072168292e-01
7.764129607419968382e-01 0.000000000000000000e+00 2.235870392580031618e-01
3.408035402530178448e-01 0.000000000000000000e+00 6.591964597469821552e-01
9.307573256035647224e-01 0.000000000000000000e+00 6.924267439643527755e-02
8.584127518430118009e-01 0.000000000000000000e+00 1.415872481569881991e-01
4.289940273750183497e-01 0.000000000000000000e+00 5.710059726249816503e-01
7.508710677914973708e-01 0.000000000000000000e+00 2.491289322085026292e-01
7.545428740846823468e-01 0.000000000000000000e+00 2.454571259153176532e-01
1.031238688359326083e-01 0.000000000000000000e+00 8.968761311640673917e-01
9.025529066795666688e-01 0.000000000000000000e+00 9.744709332043333117e-02
5.052523724478571454e-01 0.000000000000000000e+00 4.947476275521428546e-01
8.264574661077416229e-01 0.000000000000000000e+00 1.735425338922583771e-01
3.200496010306117523e-01 0.000000000000000000e+00 6.799503989693882477e-01
8.955232284962004741e-01 0.000000000000000000e+00 1.044767715037995259e-01
3.892016787341631145e-01 0.000000000000000000e+00 6.107983212658368855e-01
1.083765148029836034e-02 0.000000000000000000e+00 9.891623485197016397e-01
9.053819764192636566e-01 0.000000000000000000e+00 9.461802358073634345e-02
9.128667678613355818e-02 0.000000000000000000e+00 9.087133232138664418e-01
3.193136375904148672e-01 0.000000000000000000e+00 6.806863624095851328e-01
9.500619670508049230e-01 0.000000000000000000e+00 4.993803294919507696e-02
9.506071469375561023e-01 0.000000000000000000e+00 4.939285306244389773e-02
5.734378881232861103e-01 0.000000000000000000e+00 4.265621118767138897e-01
6.318372121697992672e-01 0.000000000000000000e+00 3.681627878302007328e-01
4.484455219783197721e-01 0.000000000000000000e+00 5.515544780216802279e-01
2.932107716980645318e-01 0.000000000000000000e+00 7.067892283019354682e-01
3.286645453699159614e-01 0.000000000000000000e+00 6.713354546300840386e-01
6.725184560770384179e-01 0.000000000000000000e+00 3.274815439229615821e-01
7.523745294376800175e-01 0.000000000000000000e+00 2.476254705623199825e-01
7.915790437258485301e-01 0.000000000000000000e+00 2.084209562741514699e-01
7.896181427945538900e-01 0.000000000000000000e+00 2.103818572054461100e-01
9.120610304869036788e-02 0.000000000000000000e+00 9.087938969513096321e-01
4.944203047025814701e-01 0.000000000000000000e+00 5.055796952974185299e-01
5.755876001664428365e-02 0.000000000000000000e+00 9.424412399833557163e-01
5.495288823237355347e-01 0.000000000000000000e+00 4.504711176762644653e-01
4.415305013733770156e-01 0.000000000000000000e+00 5.584694986266229844e-01
8.877041827582997646e-01 0.000000000000000000e+00 1.122958172417002354e-01
3.509150125520786867e-01 0.000000000000000000e+00 6.490849874479213133e-01
1.170670164276058633e-01 0.000000000000000000e+00 8.829329835723941367e-01
1.429916820528358556e-01 0.000000000000000000e+00 8.570083179471641444e-01
7.615106317174722417e-01 0.000000000000000000e+00 2.384893682825277583e-01
6.182180633162610572e-01 0.000000000000000000e+00 3.817819366837389428e-01
1.011226761227902449e-01 0.000000000000000000e+00 8.988773238772097551e-01
8.410680611499743442e-02 0.000000000000000000e+00 9.158931938850025656e-01
7.009691314591199873e-01 0.000000000000000000e+00 2.990308685408800127e-01
7.276300636419352763e-02 0.000000000000000000e+00 9.272369936358064724e-01
8.218600592903562152e-01 0.000000000000000000e+00 1.781399407096437848e-01
7.062422271564962051e-01 0.000000000000000000e+00 2.937577728435037949e-01
8.134878064189976499e-02 0.000000000000000000e+00 9.186512193581002350e-01
8.483771408519191759e-02 0.000000000000000000e+00 9.151622859148080824e-01
9.866395785011754516e-01 0.000000000000000000e+00 1.336042149882454844e-02
3.742707957561203225e-01 0.000000000000000000e+00 6.257292042438796775e-01
3.706421470668909146e-01 0.000000000000000000e+00 6.293578529331090854e-01
8.127995672575025754e-01 0.000000000000000000e+00 1.872004327424974246e-01
9.472485773838587031e-01 0.000000000000000000e+00 5.275142261614129691e-02
9.860010638228708935e-01 0.000000000000000000e+00 1.399893617712910654e-02
7.533781852589416239e-01 0.000000000000000000e+00 2.466218147410583761e-01
3.762595855309157633e-01 0.000000000000000000e+00 6.237404144690842367e-01
8.350071669866876434e-02 0.000000000000000000e+00 9.164992833013312357e-01
7.771469159274367877e-01 0.000000000000000000e+00 2.228530840725632123e-01
5.584042497358050472e-01 0.000000000000000000e+00 4.415957502641949528e-01
4.242220092469762838e-01 0.000000000000000000e+00 5.757779907530237162e-01
9.063543850947359815e-01 0.000000000000000000e+00 9.364561490526401855e-02
1.111974823061513407e-01 0.000000000000000000e+00 8.888025176938486593e-01
4.926251042908591504e-01 0.000000000000000000e+00 5.073748957091408496e-01
1.135364476741906881e-02 0.000000000000000000e+00 9.886463552325809312e-01
4.686606419941262702e-01 0.000000000000000000e+00 5.313393580058737298e-01
5.630327568183735032e-02 0.000000000000000000e+00 9.436967243181626497e-01
1.188179162680719214e-01 0.000000000000000000e+00 8.811820837319280786e-01
1.175262467771048813e-01 0.000000000000000000e+00 8.824737532228951187e-01
6.492103021160635645e-01 0.000000000000000000e+00 3.507896978839364355e-01
7.460448792654232886e-01 0.000000000000000000e+00 2.539551207345767114e-01
5.833687650971596250e-01 0.000000000000000000e+00 4.166312349028403750e-01
9.621725484745419221e-01 0.000000000000000000e+00 3.782745152545807787e-02
3.748705795237040617e-01 0.000000000000000000e+00 6.251294204762959383e-01
2.857120862818607332e-01 0.000000000000000000e+00 7.142879137181392668e-01
8.685991281894602789e-01 0.000000000000000000e+00 1.314008718105397211e-01
2.235958385194526388e-01 0.000000000000000000e+00 7.764041614805473612e-01
9.632225394406113139e-01 0.000000000000000000e+00 3.677746055938868608e-02
1.215447468981634138e-02 0.000000000000000000e+00 9.878455253101836586e-01
9.698788267076390301e-01 0.000000000000000000e+00 3.012117329236096985e-02
4.315991195057611307e-02 0.000000000000000000e+00 9.568400880494238869e-01
8.911431136980710876e-01 0.000000000000000000e+00 1.088568863019289124e-01
5.277011090862998577e-01 0.000000000000000000e+00 4.722988909137001423e-01
9.929647961193003303e-01 0.000000000000000000e+00 7.035203880699669732e-03
7.379656473539886186e-02 0.000000000000000000e+00 9.262034352646011381e-01
5.538542844013207844e-01 0.000000000000000000e+00 4.461457155986792156e-01
9.693025356190989594e-01 0.000000000000000000e+00 3.069746438090104057e-02
5.230978441701488180e-01 0.000000000000000000e+00 4.769021558298511820e-01
6.293986381352625337e-01 0.000000000000000000e+00 3.706013618647374663e-01
6.957486889846171696e-01 0.000000000000000000e+00 3.042513110153828304e-01
4.545410647677732285e-01 0.000000000000000000e+00 5.454589352322267715e-01
6.275580800840634410e-01 0.000000000000000000e+00 3.724419199159365590e-01
5.843143119231002380e-01 0.000000000000000000e+00 4.156856880768997620e-01
9.011580104909889810e-01 0.000000000000000000e+00 9.884198950901101899e-02
4.544638034145787042e-02 0.000000000000000000e+00 9.545536196585421296e-01
2.809631895922303224e-01 0.000000000000000000e+00 7.190368104077696776e-01
9.504114840765587324e-01 0.000000000000000000e+00 4.958851592344126757e-02
8.902637838909163159e-01 0.000000000000000000e+00 1.097362161090836841e-01
4.556567527857129374e-01 0.000000000000000000e+00 5.443432472142870626e-01
6.201325978015367335e-01 0.000000000000000000e+00 3.798674021984632665e-01
2.773811829811326790e-01 0.000000000000000000e+00 7.226188170188673210e-01
1.881211597237613109e-01 0.000000000000000000e+00 8.118788402762386891e-01
4.636984049399821561e-01 0.000000000000000000e+00 5.363015950600178439e-01
3.533522280260528170e-01 0.000000000000000000e+00 6.466477719739471830e-01
5.836561118508720725e-01 0.000000000000000000e+00 4.163438881491279275e-01
7.773463696498483788e-02 0.000000000000000000e+00 9.222653630350151621e-01
9.743948076661664848e-01 0.000000000000000000e+00 2.560519233383351523e-02
9.862107444796028854e-01 0.000000000000000000e+00 1.378925552039711455e-02
6.981617140197451388e-01 0.000000000000000000e+00 3.018382859802548612e-01
5.360963663441203897e-01 0.000000000000000000e+00 4.639036336558796103e-01
3.095276162863277447e-01 0.000000000000000000e+00 6.904723837136722553e-01
8.137950197069486746e-01 0.000000000000000000e+00 1.862049802930513254e-01
6.847311725538792748e-01 0.000000000000000000e+00 3.152688274461207252e-01
1.626169393448912981e-01 0.000000000000000000e+00 8.373830606551087019e-01
9.109271844938424678e-01 0.000000000000000000e+00 8.907281550615753218e-02
8.225372429231689875e-01 0.000000000000000000e+00 1.774627570768310125e-01
9.497999132919240362e-01 0.000000000000000000e+00 5.020008670807596385e-02
7.257195083883599684e-01 0.000000000000000000e+00 2.742804916116400316e-01
6.134151959357898587e-01 0.000000000000000000e+00 3.865848040642101413e-01
4.182430362906188748e-01 0.000000000000000000e+00 5.817569637093811252e-01
9.327284833540132603e-01 0.000000000000000000e+00 6.727151664598673975e-02
8.660638895004083571e-01 0.000000000000000000e+00 1.339361104995916429e-01
4.521867010618940697e-02 0.000000000000000000e+00 9.547813298938105930e-01
2.636697449725200482e-02 0.000000000000000000e+00 9.736330255027479952e-01
3.764633668780495990e-01 0.000000000000000000e+00 6.235366331219504010e-01
8.105533307818328925e-01 0.000000000000000000e+00 1.894466692181671075e-01
9.872761293149444617e-01 0.000000000000000000e+00 1.272387068505553831e-02
1.504168911035281830e-01 0.000000000000000000e+00 8.495831088964718170e-01
5.941307153521351303e-01 0.000000000000000000e+00 4.058692846478648697e-01
3.808908566310215127e-01 0.000000000000000000e+00 6.191091433689784873e-01
9.699143978146032019e-01 0.000000000000000000e+00 3.008560218539679809e-02
8.421189231357086857e-01 0.000000000000000000e+00 1.578810768642913143e-01
8.383287047111378509e-01 0.000000000000000000e+00 1.616712952888621491e-01
4.686931597949702821e-01 0.000000000000000000e+00 5.313068402050297179e-01
4.148195023376651802e-01 0.000000000000000000e+00 5.851804976623348198e-01
2.734070719307062358e-01 0.000000000000000000e+00 7.265929280692937642e-01
5.637549665092711493e-02 0.000000000000000000e+00 9.436245033490728851e-01
8.647223762550532156e-01 0.000000000000000000e+00 1.352776237449467844e-01
8.129010091300775676e-01 0.000000000000000000e+00 1.870989908699224324e-01
9.997176732861305926e-01 0.000000000000000000e+00 2.823267138694074418e-04
9.966368370739053795e-01 0.000000000000000000e+00 3.363162926094620531e-03
