3.745401188473624909e-01 5.761741875625536746e-01 4.928569359008383444e-02
5.986584841970366000e-01 1.333354576143684911e-01 2.680060581885949089e-01
1.559945203362026467e-01 2.412010623387139674e-05 8.439813595575634819e-01
5.808361216819946105e-02 8.080925336067357190e-01 1.338238542250648200e-01
6.011150117432088047e-01 1.069575660528366834e-01 2.919274222039545119e-01
2.058449429580244683e-02 9.493253578661918768e-01 3.009014783800567638e-02
2.123391106782761550e-01 6.201035301221455853e-01 1.675573591995782596e-01
1.818249672071006184e-01 1.579542646333198519e-03 8.165954901465661830e-01
3.042422429595377231e-01 2.205141886727001177e-01 4.752435683677621592e-01
2.912291401980419137e-01 1.407158784440738497e-01 5.680549813578842366e-01
1.394938606520418345e-01 4.723590340703376356e-01 3.881471052776205299e-01
2.921446485352181544e-01 7.421719475847354808e-02 6.336381567063082976e-01
4.560699842170359286e-01 3.291059771759776709e-01 2.148240386069864005e-01
1.996737821583597361e-01 3.145606562552518692e-01 4.857655615863883947e-01
4.645041271999772459e-02 5.459641561420447431e-01 4.075854311379575323e-01
1.705241236872915289e-01 4.370207282141468363e-01 3.924551480985616347e-01
6.505159298527951606e-02 8.838339442680537283e-01 5.111446274666675560e-02
8.083973481164611341e-01 1.572346849580982253e-01 3.436796692544064058e-02
9.767211400638386998e-02 2.069416551669868154e-01 6.953862308266293146e-01
4.401524937396013026e-01 2.440805327725555918e-01 3.157669734878431056e-01
1.220382348447788257e-01 3.731386752664913597e-01 5.048230898887298146e-01
3.438852111521839561e-02 8.749318809635636685e-01 9.067959792121793594e-02
2.587799816000169173e-01 4.037423027539650544e-01 3.374777156460180283e-01
3.117110760894109545e-01 2.083569450883998586e-01 4.799319788221891869e-01
1.848544555255270394e-01 3.618558238177526087e-01 4.532897206567203519e-01
7.751328233611145535e-01 1.944518044034440063e-01 3.041537223544144020e-02
8.948273504276488266e-01 4.467159113654028957e-02 6.050105843581088383e-02
5.978999788110851421e-01 3.239742562120316860e-01 7.812576497688317190e-02
8.849250205191949714e-02 1.074903603672257013e-01 8.040171375808548015e-01
4.522728891053806599e-02 2.801030418527262755e-01 6.746696692367356585e-01
2.713490317738959101e-01 1.173282579155860983e-01 6.113227103105179916e-01
3.567533266935892788e-01 4.719841824583400625e-01 1.712624908480706587e-01
2.809345096873807623e-01 2.617615734708677033e-01 4.573039168417515343e-01
1.409242249747626463e-01 6.612727557792770217e-01 1.978030192459603320e-01
7.455064367977082274e-02 9.123362929207464722e-01 1.311306339948270505e-02
1.987156815341724059e-01 5.735290877624850125e-01 2.277552307033425816e-01
5.522117123602399147e-03 8.099393113312317594e-01 1.845385715451658415e-01
7.068573438476171145e-01 2.214982419337019337e-02 2.709928319590126922e-01
7.404465173409036094e-02 6.972256949518553792e-01 2.287296533140542598e-01
1.158690595251297140e-01 2.425966690191428965e-01 6.415342714557273895e-01
6.232981268275579190e-01 2.398052990480356028e-01 1.368965741244064782e-01
6.355835028602363490e-02 2.673396745666255514e-01 6.691019751473508137e-01
3.109823217156622022e-01 1.420100031108484373e-02 6.748166779732529541e-01
6.375574713552131234e-01 9.204870698285094743e-02 2.703938216619359292e-01
4.722149251619492949e-01 4.149978174143772458e-01 1.127872574236734593e-01
1.195942459383017020e-01 5.936505412846933005e-01 2.867552127770049974e-01
5.612771975694962334e-01 1.995078510474012079e-01 2.392149513831025587e-01
4.937955963643907431e-01 2.771715835901702452e-01 2.290328200454390117e-01
4.275410183585496293e-01 9.519181102344442813e-02 4.772671706180059426e-01
2.541912674409518846e-02 8.247230024920926272e-02 8.921085730066955488e-01
3.142918568673425117e-02 6.049812255770461444e-01 3.635895887362196044e-01
3.143559810763266738e-01 1.942147100883760968e-01 4.914293088352972294e-01
2.492922291488749442e-01 6.582742447772180761e-01 9.243352607390697973e-02
4.103829230356297320e-01 3.451682155074189406e-01 2.444488614569513274e-01
7.697990982879299171e-02 1.518182556628294710e-01 7.712018345083775372e-01
1.612212872540044195e-01 1.285301656597636066e-01 7.102485470862319739e-01
8.081203795644169574e-01 1.215772727781561091e-01 7.030234765742693348e-02
6.334037565104234657e-01 2.380568336772942439e-01 1.285394098122822903e-01
1.865700588860358389e-01 6.171020180130786237e-01 1.963279231008855374e-01
5.393422419156507219e-01 3.532167565743270510e-01 1.074410015100222271e-01
8.074401551640625341e-01 8.865114475943070005e-02 1.039087000765067659e-01
1.100519245276767588e-01 2.079515504441871165e-01 6.819965250281361246e-01
2.279351625419416827e-01 1.991726260843146301e-01 5.728922113737436872e-01
8.180147659224931145e-01 4.271581733385032553e-02 1.392694167436565600e-01
6.952130531190703344e-03 5.037951720463750283e-01 4.892526974224342684e-01
2.221078104707302492e-01 1.953031926780487426e-01 5.825889968512210082e-01
1.198653673336828041e-01 2.177498040699451520e-01 6.623848285963720439e-01
3.232029320207552292e-01 6.197067718917639301e-01 5.709029608748084073e-02
5.187906217433660983e-01 1.842283371518117496e-01 2.969810411048221521e-01
3.636296023792939813e-01 6.081524803416666902e-01 2.821791727903932845e-02
2.517822958253641552e-01 7.106649991167470759e-01 3.755270505788876889e-02
3.008783098167696624e-01 1.963701960756157883e-01 5.027514941076145494e-01
3.688694735453279527e-02 2.479535470229348171e-01 7.151595056225323876e-01
5.026790232288614879e-01 1.068853107510353562e-01 3.904356660201031559e-01
5.147875124998935181e-02 2.271677129866220834e-01 7.213535357633885647e-01
2.395618906669724213e-01 6.687039952996812753e-01 9.173411403334630343e-02
1.448948720912230925e-01 3.445578881863399223e-01 5.105472397224369852e-01
2.420552715115004139e-01 7.435951825991002906e-01 1.434954588939929554e-02
6.721355474058785529e-01 8.948406792283902789e-02 2.383803846712824193e-01
2.376375439923996691e-01 4.905788046194599072e-01 2.717836513881404237e-01
3.677831327192532251e-01 2.645226978743262514e-01 3.676941694064205235e-01
5.357746840747584782e-01 9.775502668613622603e-02 3.664702892391052957e-01
9.028977005440830261e-02 7.450127255348296673e-01 1.646975044107620301e-01
1.865185103998542315e-01 1.342615545718816028e-01 6.792199350282641657e-01
4.077514155476391622e-02 5.501178016334778986e-01 4.091070568117581852e-01
1.658782892785615193e-02 6.609765329144262624e-01 3.224356381577175856e-01
2.264957751979379541e-01 2.855972831013430246e-01 4.879069417007190212e-01
1.743664290049914412e-01 4.708063614044584178e-01 3.548272095905501411e-01
3.867353463005374081e-01 3.042023918019285400e-01 3.090622618975340519e-01
1.375209441459932513e-01 7.992090445907412688e-01 6.327001126326547986e-02
1.134735212405890703e-01 2.275928298096694391e-01 6.589336489497414906e-01
8.773393533809810130e-01 4.735426489758176594e-02 7.530638172143722109e-02
2.579416277151556081e-01 4.020424183190234313e-01 3.400159539658209606e-01
5.552008115994623294e-01 2.620213886017535021e-01 1.827777997987841685e-01
2.418522909004516830e-01 2.877982874555548021e-01 4.703494216439935149e-01
9.310276780589921142e-02 8.041129901474275421e-01 1.027842420466732465e-01
6.331014572732679424e-01 2.673165998900625118e-01 9.958194283666954583e-02
3.390297910487006794e-01 1.017978356396020967e-02 6.507904253873391109e-01
7.259556788702393737e-01 1.711545810823377201e-01 1.028897400474229062e-01
7.798755458576238642e-01 1.072108784074934373e-01 1.129135757348826985e-01
8.413996499504883264e-02 5.578916811592389280e-01 3.579683538457122394e-01
1.616287140946137679e-01 7.369254744324654771e-01 1.014458114729207550e-01
9.197051616629647874e-03 5.972320080429602829e-01 3.935709403404100692e-01
1.014715428660321050e-01 5.620302262420237005e-01 3.364982308919441945e-01
5.061583846218686844e-03 1.557464675712799673e-01 8.391919485825013458e-01
5.487337893665861221e-01 1.431614083261071313e-01 3.081048023073067466e-01
2.242693094605597848e-01 4.276919500420407472e-01 3.480387404973994681e-01
2.372490874968000707e-01 4.749301338507357917e-01 2.878207786524641376e-01
3.253996981592677251e-01 4.210917069587564177e-01 2.535085948819758572e-01
6.496328990472146625e-01 1.995905114469632702e-01 1.507765895058220673e-01
5.683086033354716182e-01 8.930428896487174750e-02 3.423871076996566343e-01
9.367476782809247560e-02 2.740410352313410458e-01 6.322841969405664786e-01
2.439896433790835761e-01 2.121272430264187214e-02 7.347976323182745517e-01
3.930977246667604064e-01 5.799128300856851714e-01 2.698944524755442220e-02
6.311386259972628920e-01 2.609079291798503952e-01 1.079534448228867127e-01
5.026370931051921120e-01 2.921742104364563053e-01 2.051886964583515827e-01
4.925176938188638998e-01 8.438619080749520940e-02 4.230961153736408908e-01
1.952429877980444983e-01 5.272091274634608249e-01 2.775478847384946768e-01
2.431596643145383929e-02 2.564563960094019546e-01 7.192276375591442061e-01
1.771106794070489432e-01 4.683616165001188714e-01 3.545277040928321854e-01
9.404585843529142952e-01 1.346999264967307930e-02 4.607142299741262548e-02
3.701587002554443950e-01 5.447056899650041251e-01 8.513560977955147990e-02
1.545661652886742843e-02 9.128619460588579537e-01 7.168143741227461785e-02
4.281841483173143281e-01 5.384706707263552383e-01 3.334518095633043355e-02
8.530094554673600671e-01 1.106105216218927767e-01 3.638002291074715622e-02
2.944488920695856882e-01 9.064883653233957173e-02 6.149022713980747401e-01
3.169220051562776641e-01 5.342146663605792378e-01 1.488633284831430981e-01
1.694927466860924881e-01 3.873085157722576666e-01 4.431987375416498454e-01
6.960297966749730003e-01 2.401249774858079666e-01 6.384522583921903305e-02
9.717649377076853501e-02 4.728846763185964308e-01 4.299388299106350342e-01
6.150072266991697401e-01 3.750466234050935377e-01 9.946149895736722257e-03
1.400840152365240288e-01 3.782456371272127083e-01 4.816703476362632630e-01
7.407686177542044392e-01 1.366044541737509999e-01 1.226269280720445609e-01
6.970157409952679739e-01 5.468342991841290690e-03 2.975159160128907354e-01
2.935918442644933624e-01 6.589930695526180493e-02 6.405088487802448327e-01
8.093611554785136164e-01 7.522392006671374531e-04 1.898866053208192461e-01
8.670723185801036959e-01 4.616823397636760085e-02 8.675944744352870330e-02
5.015162946871996041e-01 9.826104173738192671e-03 4.886576011390622032e-01
6.499639307777651531e-01 1.483312481890100010e-01 2.017048210332248459e-01
7.019668772577033478e-01 9.382579217839770447e-02 2.042073305638989478e-01
3.379951568515358051e-01 5.520101849660304927e-01 1.099946581824337022e-01
9.398193984086899988e-02 2.816010127990750123e-01 6.244170473600559879e-01
3.594227379674208578e-02 5.423378671994318889e-01 4.217198590038260253e-01
4.655980181324601563e-01 7.704661657511646666e-02 4.573553652924233770e-01
2.865412521282844072e-01 3.042920084407263470e-01 4.091667394309892458e-01
3.050024993904942860e-02 6.847938810164988510e-03 9.626518112507855829e-01
3.601906414112628907e-01 4.624099192483953624e-01 1.773994393403417469e-01
1.270605126518847827e-01 3.951827474029195875e-01 4.777567399451956298e-01
2.158210274968431763e-01 5.541725256017676626e-01 2.300064469013891610e-01
8.534746499376799633e-02 5.375430108252322592e-01 3.771095241809997445e-01
5.168172116860769716e-02 4.796729103995402976e-01 4.686453684318520052e-01
5.406351216101065171e-01 9.679477988810003541e-02 3.625700985017934475e-01
7.260913337226615472e-01 2.497607457398730579e-01 2.414792053746539491e-02
3.229564729412459645e-01 1.933438753599493465e-01 4.836996516988046890e-01
2.708322512620742195e-01 5.243539435066294496e-01 2.048138052312963309e-01
7.845638134226595728e-02 3.605150393633701489e-01 5.610285792943638938e-01
2.535074341545751064e-02 9.372976712624675466e-01 3.735158532207494275e-02
6.959742060936979779e-01 1.400059144185078486e-01 1.640198794877941735e-01
1.732943200708457754e-01 2.356586243434241057e-01 5.910470555857301189e-01
1.564370426710860462e-01 9.380585549350928254e-02 7.497571018354046712e-01
5.492266647061204710e-01 1.653692579939418650e-01 2.854040772999376641e-01
2.799338969459428395e-01 3.802634797717884263e-01 3.398026232822687343e-01
7.378969166957685122e-01 2.169683639674255815e-01 4.513471933680590631e-02
5.543540525114006856e-01 5.736669372295155611e-02 3.882792537656477583e-01
2.477309895011574614e-01 1.718690729266324491e-01 5.803999375722100895e-01
3.559726786512615870e-01 4.018734318131075289e-01 2.421538895356308840e-01
1.439348862975586840e-02 1.016791518771603675e-01 8.839273594930837641e-01
4.072880231897013648e-02 5.273839702782612271e-03 9.539973579782472513e-01
7.036578593800236758e-01 1.518027246309835432e-01 1.445394159889927810e-01
9.783416065100147829e-02 3.763396684363237155e-01 5.258261709126748062e-01
4.734717707805656817e-01 1.814410433626667540e-02 5.083841248831676429e-01
1.732018699100151826e-01 2.606497793279578534e-01 5.661483507620269640e-01
3.985047343973734391e-01 2.173453636548430268e-01 3.841499019477835342e-01
4.530400977204451785e-02 5.897896410955992819e-01 3.649063491323562003e-01
3.746126146264712187e-01 2.512473010877651625e-01 3.741400842857636189e-01
5.031362585800877030e-01 3.533535826082345732e-01 1.435101588116777238e-01
1.629344270814296891e-01 4.957592045375153189e-01 3.413063683810549920e-01
7.056874740042984318e-02 5.718505308058857706e-01 3.575807217936843863e-01
2.651131054162181311e-02 5.592642707318414841e-01 4.142244187265367028e-01
5.754741778758789561e-01 3.647560635490786352e-01 5.976975857504240874e-02
3.881699262065219092e-01 2.551182922358312677e-01 3.567117815576468232e-01
4.582528904915166290e-01 8.736389882441830679e-02 4.543832106840650642e-01
3.861026378007742510e-01 5.553621709757509128e-01 5.853519122347483616e-02
9.053506419560637397e-01 5.583992186785047274e-02 3.880943617608578755e-02
6.936130087516545473e-02 1.264298339141309846e-01 8.042088652107035607e-01
1.822182565154972789e-02 8.255617572587692354e-02 8.992219986225733486e-01
9.444296075592839568e-02 5.885638126604284537e-01 3.169932265836431506e-01
7.118864846022898707e-02 2.477869818335323160e-01 6.810243697062386969e-01
2.327193573582586605e-02 8.216033752336286966e-01 1.551246890305454373e-01
2.818547747733999298e-01 5.326137078155358529e-01 1.855315174110642173e-01
1.181648276216562543e-01 5.785723377424943914e-01 3.032628346358493543e-01
6.289428467798839906e-01 2.485291667471689614e-01 1.225279864729470480e-01
7.350710438038857708e-01 6.840988658096280872e-02 1.965190696151514205e-01
1.774395437797228192e-01 1.045950287915836663e-01 7.179654274286935145e-01
7.506147516408583353e-01 5.621998762640567637e-02 1.931652607327359883e-01
4.126176769114264786e-01 5.778874650892468212e-01 9.494857999326700160e-03
3.720180857927831708e-01 4.043948749492136674e-01 2.235870392580031618e-01
3.408035402530178448e-01 5.899537853505468776e-01 6.924267439643527755e-02
4.289940273750183497e-01 4.294187244679934512e-01 1.415872481569881991e-01
7.508710677914973708e-01 3.671806293184975978e-03 2.454571259153176532e-01
1.031238688359326083e-01 7.994290378436340605e-01 9.744709332043333117e-02
5.052523724478571454e-01 3.212050936598844775e-01 1.735425338922583771e-01
3.200496010306117523e-01 5.754736274655887218e-01 1.044767715037995259e-01
1.083765148029836034e-02 3.783640272538647542e-01 6.107983212658368855e-01
9.128667678613355818e-02 8.140952996331300984e-01 9.461802358073634345e-02
3.193136375904148672e-01 6.307483294603900559e-01 4.993803294919507696e-02
5.734378881232861103e-01 3.771692588142699920e-01 4.939285306244389773e-02
4.484455219783197721e-01 1.833916901914794950e-01 3.681627878302007328e-01
2.932107716980645318e-01 3.545377367185142958e-02 6.713354546300840386e-01
6.725184560770384179e-01 7.985607336064159956e-02 2.476254705623199825e-01
7.896181427945538900e-01 1.960900931294640159e-03 2.084209562741514699e-01
9.120610304869036788e-02 4.032142016538911022e-01 5.055796952974185299e-01
5.755876001664428365e-02 4.919701223070912510e-01 4.504711176762644653e-01
4.415305013733770156e-01 4.461736813849227490e-01 1.122958172417002354e-01
1.170670164276058633e-01 2.338479961244728234e-01 6.490849874479213133e-01
1.429916820528358556e-01 6.185189496646363860e-01 2.384893682825277583e-01
1.011226761227902449e-01 5.170953871934708124e-01 3.817819366837389428e-01
8.410680611499743442e-02 6.168623253441225529e-01 2.990308685408800127e-01
7.276300636419352763e-02 7.490970529261626876e-01 1.781399407096437848e-01
8.134878064189976499e-02 6.248934465145964401e-01 2.937577728435037949e-01
8.483771408519191759e-02 9.018018644159835340e-01 1.336042149882454844e-02
3.706421470668909146e-01 3.628648689229407864e-03 6.257292042438796775e-01
8.127995672575025754e-01 1.344490101263561277e-01 5.275142261614129691e-02
7.533781852589416239e-01 2.326228785639292695e-01 1.399893617712910654e-02
8.350071669866876434e-02 2.927588688322469990e-01 6.237404144690842367e-01
5.584042497358050472e-01 2.187426661916317405e-01 2.228530840725632123e-01
4.242220092469762838e-01 4.821323758477596977e-01 9.364561490526401855e-02
1.111974823061513407e-01 3.814276219847078098e-01 5.073748957091408496e-01
1.135364476741906881e-02 4.573069972267072014e-01 5.313393580058737298e-01
5.630327568183735032e-02 6.251464058623457110e-02 8.811820837319280786e-01
1.175262467771048813e-01 5.316840553389586832e-01 3.507896978839364355e-01
5.833687650971596250e-01 1.626761141682636636e-01 2.539551207345767114e-01
3.748705795237040617e-01 5.873019689508378605e-01 3.782745152545807787e-02
2.857120862818607332e-01 5.828870419075995457e-01 1.314008718105397211e-01
2.235958385194526388e-01 7.396267009211586752e-01 3.677746055938868608e-02
1.215447468981634138e-02 9.577243520178226888e-01 3.012117329236096985e-02
4.315991195057611307e-02 8.479832017474949746e-01 1.088568863019289124e-01
5.277011090862998577e-01 4.652636870330004726e-01 7.035203880699669732e-03
7.379656473539886186e-02 4.800577196659219226e-01 4.461457155986792156e-01
5.230978441701488180e-01 4.462046914489501415e-01 3.069746438090104057e-02
6.293986381352625337e-01 6.635005084935463593e-02 3.042513110153828304e-01
4.545410647677732285e-01 1.730170153162902125e-01 3.724419199159365590e-01
5.843143119231002380e-01 3.168436985678887430e-01 9.884198950901101899e-02
4.544638034145787042e-02 2.355168092507724520e-01 7.190368104077696776e-01
8.902637838909163159e-01 6.014770018564241649e-02 4.958851592344126757e-02
4.556567527857129374e-01 1.644758450158237961e-01 3.798674021984632665e-01
1.881211597237613109e-01 8.926002325737136811e-02 7.226188170188673210e-01
3.533522280260528170e-01 1.103461769139293391e-01 5.363015950600178439e-01
7.773463696498483788e-02 5.059214748858872346e-01 4.163438881491279275e-01
9.743948076661664848e-01 1.181593681343640068e-02 1.378925552039711455e-02
5.360963663441203897e-01 1.620653476756247491e-01 3.018382859802548612e-01
3.095276162863277447e-01 5.042674034206209299e-01 1.862049802930513254e-01
1.626169393448912981e-01 5.221142332089879767e-01 3.152688274461207252e-01
8.225372429231689875e-01 8.838994157067348034e-02 8.907281550615753218e-02
7.257195083883599684e-01 2.240804049035640677e-01 5.020008670807596385e-02
4.182430362906188748e-01 1.951721596451709839e-01 3.865848040642101413e-01
8.660638895004083571e-01 6.666459385360490320e-02 6.727151664598673975e-02
2.636697449725200482e-02 1.885169560893740215e-02 9.547813298938105930e-01
3.764633668780495990e-01 4.340899639037832936e-01 1.894466692181671075e-01
1.504168911035281830e-01 8.368592382114162787e-01 1.272387068505553831e-02
3.808908566310215127e-01 2.132398587211136176e-01 4.058692846478648697e-01
8.421189231357086857e-01 1.277954746788945162e-01 3.008560218539679809e-02
4.686931597949702821e-01 3.696355449161675688e-01 1.616712952888621491e-01
2.734070719307062358e-01 1.414124304069589444e-01 5.851804976623348198e-01
5.637549665092711493e-02 8.083468796041261006e-01 1.352776237449467844e-01
8.129010091300775676e-01 1.868166641560530250e-01 2.823267138694074418e-04
5.554317056026274457e-01 4.412051314712779337e-01 3.363162926094620531e-03
7.689874151805105029e-01 1.757783147019175152e-01 5.523427011757198191e-02
2.473481017431976570e-01 6.022992889342138056e-01 1.503526093225885374e-01
1.291594151514949829e-01 3.213847201585985358e-01 5.494558646899064813e-01
6.061746344508800455e-01 3.478763928078423273e-01 4.594897274127762721e-02
2.286428055034627205e-01 4.430578789023940089e-01 3.282993155941432706e-01
3.581627180328404991e-01 2.599655224250553287e-01 3.818717595421041722e-01
1.135575921996290205e-01 5.580156033931705784e-01 3.284268044072004011e-01
5.203077009037933021e-01 2.520106908318460182e-01 2.276816082643606798e-01
5.201635011119933871e-01 3.320179992065467323e-01 1.478184996814598806e-01
5.519068387744855420e-01 9.031132760900728584e-03 4.390620284646137295e-01
4.034828662123970400e-01 4.731707364459479814e-01 1.233463973416549786e-01
2.878267631333897292e-02 1.052325521373017603e-01 8.659847715493592668e-01
6.203095513534646610e-01 1.348277043201543401e-01 2.448627443263809988e-01
2.129641615089107320e-01 4.911156065903128365e-01 2.959202319007764315e-01
1.454466566788192861e-02 1.218268099188878351e-01 8.636285244132302363e-01
3.505875588065969772e-01 2.393301280480361060e-01 4.100823131453669168e-01
3.922440450997323191e-01 4.523087692399674342e-02 5.625250779762709374e-01
3.482554670233003469e-01 5.559032274704480692e-01 9.584130550625158396e-02
5.139894891598107973e-01 2.696635235813322762e-01 2.163469872588569265e-01
3.965427823212701597e-01 2.255439179066033306e-01 3.779132997721265097e-01
8.623637087467451723e-01 8.715691491089694320e-02 5.047937634235788451e-02
1.470734809290379363e-01 7.795141442324564629e-01 7.341237483850560075e-02
2.582443882989583495e-01 2.338719047805798423e-01 5.078837069204618082e-01
4.591357562382613056e-01 5.208968190472157422e-01 1.996742471452295220e-02
3.287516102875082113e-01 1.638664837053613876e-01 5.073819060071304010e-01
2.401456187781930707e-01 3.932552355385326992e-01 3.665991456832742301e-01
7.586332810866391885e-02 5.301639380198530649e-02 8.711202780893507747e-01
1.280458389577724398e-01 2.385685455452191128e-02 8.480973064877056489e-01
1.388271726494101355e-01 5.020475721538044667e-01 3.591252551967853979e-01
1.818800843991448257e-01 1.637871989247183802e-01 6.543327166761367941e-01
4.739616402628723524e-01 4.228267696431394773e-01 1.032115900939881703e-01
1.723198712016298373e-01 4.952378673193973402e-01 3.324422614789728225e-01
4.086861626647886325e-02 1.514204025421919120e-01 8.077109811913292248e-01
1.689350630721645485e-01 1.096552759597940740e-01 7.214096609680413774e-01
8.870253375705561272e-02 8.830795051969120291e-02 8.229895157232531844e-01
1.206358711006008111e-01 3.401428969321249607e-01 5.392212319672742282e-01
2.063337184057925100e-01 1.579361426422829506e-01 6.357301389519245394e-01
5.034172708548568798e-01 1.869775577745084183e-01 3.096051713706347019e-01
3.931213984109893644e-02 7.600982590679437045e-01 2.005896010909573590e-01
8.175903194887190750e-02 5.461413575420358546e-01 3.720996105090922379e-01
8.735786241067772240e-01 4.729377642503596046e-02 7.912759946818681556e-02
6.107795985486375034e-02 2.157996882923399751e-01 7.231223518527962746e-01
7.482596903836583602e-01 5.794158940940297153e-02 1.937987202069386683e-01
1.845210193563773249e-01 2.482830398033297747e-02 7.906506766632896976e-01
3.704721027913819853e-01 1.140508823996393417e-01 5.154770148089786730e-01
3.689136395697724113e-01 2.493411319605235432e-01 3.817452284697040454e-01
4.625347161331478940e-01 2.849362220006086410e-01 2.525290618662434650e-01
3.668320289059789907e-02 2.157537414534228537e-01 7.475630556559792472e-01
7.133495858845524396e-01 1.818572518026468909e-01 1.047931623128006695e-01
5.116774421156661257e-01 2.043604314964952984e-02 4.678865147346843445e-01
1.071720113397760521e-01 3.402403554836785915e-01 5.525876331765453564e-01
2.424705036347296616e-01 2.901467628202935023e-01 4.673827335449768361e-01
2.692432309493809628e-01 1.080409321552416868e-01 6.227158368953773504e-01
2.007119777772636837e-02 3.020079678054519157e-01 6.779208344168217160e-01
2.114480069965446463e-01 1.160493451813700005e-01 6.725026478220853532e-01
1.197621318192512163e-01 7.707651489206437390e-01 1.094727192601050447e-01
5.935924535540486602e-01 8.550986559044093660e-02 3.208976808555104032e-01
4.984421989290572785e-01 2.907290396782810094e-01 2.108287613926617121e-01
8.692028808742369161e-02 4.501862537311240864e-01 4.628934581814522220e-01
5.868411180208791267e-01 1.585983561634508598e-01 2.545605258156700135e-01
1.275803027955637603e-01 3.040792434341156314e-01 5.683404537703206083e-01
2.837759057987244704e-01 7.930639059991062556e-02 6.369177036013649040e-01
5.707783046689118844e-01 7.513893666268933735e-02 3.540827586683987782e-01
3.560967258978462446e-01 6.304185228951334485e-01 1.348475120702030683e-02
2.372267917359944800e-01 3.685480276208926709e-01 3.942251806431128491e-01
1.017824726204037411e-01 5.107666656392828575e-02 8.471408608156679731e-01
1.606813732595556710e-01 8.527635512495246317e-02 7.540422716154918659e-01
1.865670240513057632e-01 9.852814464254133764e-02 7.149048313061528992e-01
1.733735952947548231e-01 7.233918293316703441e-01 1.032345753735748328e-01
8.023374566164220845e-02 4.442776439086124629e-01 4.754886104297453286e-01
4.103968269896615118e-01 5.719817899189448829e-01 1.762138309139360537e-02
1.120389021680523456e-01 2.858166968776892913e-01 6.021444009542583631e-01
8.655071258939802670e-01 1.039633073813885922e-01 3.052956672463114085e-02
2.579028270449398308e-01 5.591692439043400853e-01 1.829279290507200839e-01
1.708875873900658204e-01 4.977556325343651666e-01 3.313567800755690129e-01
5.567628930139297827e-01 3.726130961136560060e-01 7.062401087241421127e-02
2.799790936602841729e-01 2.916335958096156755e-01 4.283873105301001516e-01
1.870437485575233705e-01 5.824491846344135304e-01 2.305070668080630991e-01
3.236792364042436754e-01 1.017572022121731035e-01 5.745635613835832212e-01
2.424097324150802368e-01 2.652006462693747846e-01 4.923896213155449786e-01
1.148368247392035357e-01 4.957832177024290576e-01 3.893799575583674066e-01
2.886305532402557716e-01 2.926076681823565062e-01 4.187617785773877221e-01
1.543627152742023112e-01 3.267773865806151701e-01 5.188598981451825187e-01
5.182353682242690773e-02 4.807658957291589541e-01 4.674105674484141382e-01
1.344146769389742424e-01 2.021896012549463384e-01 6.633957218060794192e-01
6.337497047276774431e-02 9.265852619171774940e-01 1.003976761005476170e-02
3.223538449747229695e-01 4.875206008799118917e-01 1.901255541453651388e-01
2.546406547637638518e-01 4.268620674601654175e-01 3.184972777760707308e-01
5.956387406078442748e-01 1.645891192818422777e-01 2.397721401103134475e-01
4.118409141472685331e-01 5.973527440288983748e-02 5.284238114498416294e-01
3.488682665429952978e-01 5.806608777048305470e-01 7.047085575217415521e-02
8.306194077877291360e-01 1.344075028787834469e-01 3.497308933348741711e-02
1.242972234855447278e-01 6.065702517180995290e-01 2.691325247963557432e-01
1.812330661656601505e-01 7.571073906553776878e-01 6.165954317896216175e-02
6.649626736677749506e-02 6.746243819232815575e-01 2.588793507099409474e-01
5.744731131799118984e-01 2.673556635783601587e-01 1.581712232417279429e-01
1.397723766262894962e-01 6.554949352336006951e-01 2.047326881401098086e-01
1.636559428657045068e-01 3.797137718204002255e-02 7.983726799522554707e-01
1.642657979309929406e-01 6.503089223003891695e-01 1.854252797686178900e-01
5.230654247691193248e-01 1.421317959270808062e-01 3.348027793037998689e-01
3.588304841235024911e-01 5.183700566896057849e-01 1.227994591868917240e-01
3.924451074226353864e-01 4.241543320489417068e-01 1.834005605284229068e-01
3.769444294249075789e-01 6.219047914531083965e-02 5.608650914297815815e-01
3.013778741641420789e-01 1.613019115054643571e-01 5.373202143303935641e-01
5.027203900924791524e-01 2.448889900837719624e-01 2.523906198237488852e-01
2.322126951468173051e-01 6.673618781277511625e-01 1.004254267254315325e-01
3.838912213732114109e-01 1.596616397407771837e-01 4.564471388860114054e-01
6.242379959139920942e-01 2.822341150505548457e-01 9.352788903545306010e-02
1.168980407083640705e-01 8.229340829051110529e-01 6.016787638652487669e-02
3.349056146570861259e-01 2.928024384143317338e-01 3.722919469285821403e-01
1.392720726633872586e-01 6.547531166069087138e-01 2.059748107297040276e-01
5.334610919763215220e-01 8.661166395219199732e-02 3.799272440714864807e-01
7.885972112245307475e-01 1.052953718264268979e-01 1.061074169490423547e-01
1.516748797327511777e-01 1.600471880627970522e-01 6.882779322044517700e-01
2.484891398144657426e-01 4.954571527582112278e-01 2.560537074273230296e-01
3.353243473577938172e-02 5.363572501355371447e-01 4.301103151286834736e-01
7.624586857406905338e-01 1.143069510210589224e-01 1.232343632382505438e-01
3.420817487159074632e-01 4.791755559561053923e-01 1.787426953279871444e-01
1.106317369552072272e-01 7.358205547793109647e-01 1.535477082654818082e-01
1.274886623319824164e-01 2.697986282283848514e-01 6.027127094396327323e-01
1.499174273487737796e-01 6.473779384307798423e-01 2.027046342204463780e-01
2.292513952326414861e-01 4.930011731604247993e-01 2.777474316069337146e-01
6.411476328852973028e-01 7.888890366077705441e-02 2.799634634539256428e-01
5.427244433475961749e-01 1.512240011195038480e-01 3.060515555328999771e-01
2.517990589069527552e-01 9.389693459696668576e-02 6.543040064960805591e-01
1.815977168014256682e-01 7.268528445322026688e-01 9.154943866637166305e-02
4.008514167636398895e-01 1.825403780024805744e-01 4.166082052338795361e-01
4.620058036441326843e-01 4.852775359676826383e-01 5.271666038818467737e-02
1.533514031160801983e-01 4.328784289007170383e-01 4.137701679832027635e-01
5.058886788844659810e-01 1.055655565501818494e-01 3.885457645653521697e-01
1.811018382084050860e-02 8.540137251233109739e-01 1.278760910558485175e-01
5.651331835892089428e-01 3.669850988944034498e-01 6.788171751638760743e-02
6.966508238768922556e-01 2.258485573004034297e-01 7.750061882270431468e-02
1.525390429142613469e-01 5.546995913991372706e-01 2.927613656866013825e-01
5.762883601668131739e-01 3.042668621604271983e-02 3.932849536171441063e-01
4.241306713023860198e-01 3.123135643223368119e-01 2.635557643752771684e-01
9.255685129067763306e-01 8.798501862238516935e-03 6.563298523098515247e-02
1.132380458407552526e-01 3.376013255633768528e-01 5.491606285958678946e-01
8.388980864459341102e-01 1.459431125164004639e-01 1.515880103766542586e-02
1.246626812032668452e-01 7.961792014141054752e-01 7.915811738262767960e-02
5.188380571260721164e-01 3.510583049360561647e-01 1.301036379378717189e-01
3.990027038701302597e-01 1.922727318747989855e-01 4.087245642550707547e-01
5.476163882203133326e-02 2.804356028238695897e-01 6.648027583540990770e-01
4.632023004602858762e-03 7.982214255934085845e-01 1.971465514019885568e-01
3.334991716911441806e-01 6.466952189979913168e-02 6.018313064090566877e-01
5.373956029379228783e-01 3.824600134748376012e-01 8.014438358723952049e-02
3.463459943659612517e-01 6.072075302664403651e-04 6.530467981037723080e-01
4.522179408898071573e-01 2.852833072199412179e-01 2.624987518902516248e-01
2.246048229399819629e-01 2.278346931927114349e-01 5.475604838673066022e-01
1.408570203797998577e-01 3.552996612642345120e-02 8.236130134937766911e-01
4.189254495045479088e-01 7.944232323493183312e-02 5.016322272605202581e-01
3.623938991166331114e-01 5.524520019514669311e-01 8.515409893189995749e-02
5.805883502780434524e-01 5.167593764148692426e-02 3.677357120804696233e-01
1.309445658833363613e-02 6.504429154283769554e-01 3.364626279832894085e-01
1.780359668697514275e-01 7.830343505997037212e-01 3.892968253054485128e-02
1.486627277531129554e-01 2.659613959739107747e-01 5.853758762729762699e-01
8.534966807864385885e-02 9.115245837673034979e-01 3.125748154052643279e-03
5.021950103312425862e-01 9.319000698880119948e-02 4.046149826799562144e-01
6.707647738842748009e-02 6.828839930107503120e-01 2.500395296008222079e-01
2.099055930955857630e-01 6.881486963451279859e-01 1.019457105592862511e-01
1.906877206636665711e-01 1.445191981834059725e-02 7.948603595179928316e-01
3.654966784809488001e-02 4.355172772619043675e-01 5.279330548900007525e-01
6.570863942835236671e-02 4.991324938342640571e-01 4.351588667373835762e-01
4.532888347480276137e-01 3.222387819469829662e-01 2.244723833049894202e-01
4.407627469382281449e-01 8.362752238935189375e-02 4.756097306724199614e-01
4.007630608753259827e-01 1.588772704328919039e-01 4.403596686917821135e-01
1.552402459307125060e-01 2.668788456455861713e-02 8.180718695047288769e-01
8.617856210135173001e-01 8.432984112011543409e-02 5.388453786636726583e-02
2.707446731435537712e-01 1.025646431361991739e-01 6.266906837202470548e-01
4.087341710980963994e-01 2.352653721409193599e-01 3.560004567609842407e-01
2.538635566034486146e-02 1.307662417058454984e-01 8.438474026338096401e-01
6.589239419101513562e-01 5.704828693724617317e-02 2.840277711526024707e-01
2.709599250348349031e-02 1.948761694294659508e-01 7.780278380670505589e-01
2.310747965880713961e-01 4.408179470106570186e-01 3.281072564012715853e-01
1.971053775436415467e-02 8.439804423020969004e-02 8.958914180154261553e-01
1.785446620543336138e-01 6.213714233188557534e-01 2.000839146268106328e-01
2.381827810467265216e-01 4.145633268051481801e-01 3.472538921481252983e-01
9.944139275934515965e-02 1.437307982401089257e-01 7.568278090005459147e-01
7.222669318556591556e-01 1.334295362506265903e-01 1.443035318937142542e-01
3.971835296184548225e-01 4.330363349485367719e-01 1.697801354330084056e-01
2.049842954158209718e-01 4.631008411548251935e-01 3.319148634293538347e-01
2.931477302610132618e-01 6.031880882601065030e-01 1.036641814788802352e-01
1.300192351073603536e-02 7.250660734373204352e-02 9.144914691455319211e-01
2.653220387381971523e-02 1.813540512722076059e-01 7.921137448539726789e-01
1.814354350897973145e-01 4.016061258798948597e-01 4.169584390303078258e-01
4.214245505924979485e-01 4.712471604844769013e-01 1.073282889230251502e-01
3.418173516978759707e-01 4.756262100405649340e-01 1.825564382615590953e-01
2.594234334312924828e-01 1.202689747359744210e-01 6.203075918327330962e-01
2.680636408228762591e-01 3.222313016919314821e-01 4.097050574851922589e-01
4.094116521912404272e-01 2.147372556578935887e-01 3.758510921508659841e-01
4.361265291353166873e-01 1.159206517166635475e-01 4.479528191480197652e-01
2.944657595419176710e-01 6.539875474202390127e-01 5.154669303784331635e-02
1.401131757664525468e-01 6.234926183933082733e-01 2.363942058402391799e-01
4.874311982495136419e-01 3.810367776483991609e-01 1.315320241020871972e-01
7.998552559473152135e-01 9.469697094677620441e-02 1.054477731059085821e-01
2.246930832011739820e-02 4.027441961491160516e-01 5.747864955307665502e-01
2.686773593849460795e-01 2.729568552759208400e-01 4.583657853391330805e-01
2.578876854332022850e-01 3.755905343929449858e-01 3.665217801738527292e-01
1.393560740728241321e-01 6.955741627264749871e-01 1.650697632007008808e-01
5.256901823026858267e-01 4.587119984008662943e-01 1.559781929644787901e-02
1.716792858483034978e-01 1.006280406710654551e-01 7.276926734806310471e-01
1.839067654746673330e-02 8.959081300130322667e-01 8.570119343950099999e-02
1.177510828901411344e-01 4.587653926241124225e-01 4.234835244857464431e-01
2.740552206872060026e-01 2.801227818285874083e-01 4.458219974842065891e-01
6.514203883518642213e-01 1.783214153553374093e-01 1.702581962927983694e-01
1.099582865848047764e-02 1.954254431021227312e-01 7.935787282393967912e-01
1.368856300688072736e-01 7.631330117792978207e-01 9.998135815189490572e-02
5.974131021703082967e-01 2.764769753922069473e-01 1.261099224374847561e-01
6.005168604336533766e-01 6.451981411260210297e-02 3.349633254537445204e-01
1.753712786234495891e-01 7.390406673015101902e-01 8.558805407504022078e-02
3.831385282494974565e-01 3.563199664257565846e-02 5.812294751079268851e-01
4.696596677505504580e-02 4.719517385077824922e-01 4.810822947171624620e-01
1.662833687560794083e-01 5.717502476702910341e-01 2.619663835736295576e-01
8.279866792512646789e-02 5.203534415412617298e-01 3.968478905336118023e-01
2.453491096813209538e-01 1.439465043606555916e-01 6.107043859580234546e-01
2.886937367706998714e-01 6.697897969424926323e-02 6.443272835350508654e-01
2.971217156231750200e-01 4.219241895610704729e-01 2.809540948157545071e-01
4.760504021990996648e-01 9.035423809779752347e-02 4.335953597031028117e-01
6.636711653626481411e-01 2.731585739621098519e-01 6.317026067524200705e-02
2.149403785907567643e-01 5.176317186194935305e-01 2.674279027897497052e-01
3.118313506128467250e-02 2.310809092385404107e-01 7.377359557001749168e-01
5.142581348425034893e-02 5.436521172160044824e-01 4.049220692997451687e-01
4.963662472012363436e-01 1.004766017156528690e-01 4.031571510831107874e-01
3.342438908169608203e-01 4.366683129288611021e-01 2.290877962541780777e-01
7.513778173580876185e-02 3.146047139796304126e-02 8.934017468662281969e-01
4.954913162061984622e-01 2.326974399974048868e-01 2.718112437963966510e-01
4.348273386037462274e-01 2.535750578239898134e-01 3.115976035722639592e-01
2.464020332391068102e-01 5.727002844350929101e-01 1.808976823258002797e-01
6.946964708544267619e-01 1.047194081145524924e-01 2.005841210310207456e-01
2.721451372299626970e-01 3.180855296391243980e-01 4.097693331309129050e-01
9.158207332663415023e-02 2.693918236133926447e-01 6.390261030599732051e-01
1.368186309189614036e-01 7.804949445432813881e-01 8.268642453775720824e-02
4.460057729579557373e-01 5.042315808628466955e-01 4.976264617919756716e-02
1.851329288386196481e-01 3.567680185397384962e-01 4.580990526216418557e-01
7.322248864095611820e-01 1.407209494668471006e-01 1.270541641235917174e-01
6.587833667107173552e-01 1.477777811507323680e-01 1.934388521385502768e-01
6.922765645178524663e-01 1.569190870474668209e-01 1.508043484346807128e-01
2.496680088591859414e-01 2.397569547839545345e-01 5.105750363568595240e-01
2.212094418196022261e-01 7.664585661770447755e-01 1.233199200335299839e-02
3.942681136850589851e-02 9.046325283181073651e-01 5.594066031338673639e-02
7.055751725156884646e-01 2.196731448999773573e-01 7.475168258433417812e-02
1.805753451273335308e-01 3.873698854252959345e-01 4.320547694473705347e-01
3.394597858579884164e-02 8.815423190022430022e-01 8.451170241195815613e-02
2.973490073725507665e-01 4.000712598742891535e-01 3.025797327531600800e-01
9.243961953765303941e-01 4.666204978883736754e-02 2.894175483463223841e-02
4.742142166574637718e-01 4.700522724559701437e-01 5.573351088656608443e-02
8.445493985350703836e-01 1.749325245424304676e-02 1.379573490106865696e-01
3.191004732432556334e-01 5.098150009074217115e-01 1.710845258493226551e-01
3.700763471549262107e-02 5.592622437665604185e-01 4.037301215179469605e-01
1.205668857772788094e-01 1.094419515104242402e-01 7.699911627122969504e-01
7.695320162920915585e-02 6.193355742489305982e-01 3.037112241218602460e-01
3.398749637680661406e-01 3.848918077606953148e-01 2.752332284712385446e-01
6.535634079894236947e-02 2.499339970316679649e-01 6.847096621693896656e-01
5.394912923753372169e-01 2.512318724636263267e-01 2.092768351610364563e-01
3.187525029320699144e-01 3.071388735049391805e-01 3.741086235629909051e-01
6.158631881823045662e-01 2.701145600538825686e-01 1.140222517638128652e-01
2.440078155653802039e-02 2.085586931970957458e-01 7.670405252463662338e-01
2.126941085038713819e-02 8.488294630505427429e-01 1.299011260990701189e-01
5.289371340272119859e-01 3.457645386569874191e-01 1.252983273158005950e-01
7.987832357736653899e-01 1.402844627392307864e-01 6.093230148710382377e-02
3.507118154517101516e-01 6.472222950816273190e-01 2.065889466662529372e-03
4.019309136092421575e-01 3.652573753218847363e-01 2.328117110688731062e-01
4.798756203039088453e-01 1.476298429144612401e-01 3.724945367816299147e-01
8.736771141863387546e-01 1.104063550129563698e-01 1.591653080070487558e-02
4.177667821673337611e-01 3.505066316971844342e-01 2.317265861354818046e-01
4.213570022770701806e-01 3.162252993118213062e-01 2.624176984111085131e-01
